{
    "camera_angle_x": 0.2225811228028787,
    "camera_angle_y": 0.2225811228028787,
    "cx": 255.32913208007812,
    "cy": 246.07386779785156,
    "fl_x": 2290.7802734375,
    "fl_y": 2290.7802734375,
    "frames": [
        {
            "depth_path": "depth/00000.png",
            "exp_path": "flame/exp/00000.txt",
            "eyes_path": "flame/eyes/00000.txt",
            "file_path": "images/00000.png",
            "mesh_path": "meshes/00000.obj",
            "seg_mask_path": "seg_mask/00000.png",
            "transform_matrix": [
                [
                    0.9994248320452279,
                    -0.03332750212378886,
                    0.0062736968987590225,
                    -0.016231912076032987
                ],
                [
                    -0.03097184270523503,
                    -0.9723530145588566,
                    -0.23145305663677745,
                    0.385889258502049
                ],
                [
                    0.013814000838468536,
                    0.23112562731765812,
                    -0.9728259921280814,
                    1.7591296183106164
                ],
                [
                    0.0,
                    0.0,
                    0.0,
                    1.0
                ]
            ]
        },
        {
            "depth_path": "depth/00001.png",
            "exp_path": "flame/exp/00001.txt",
            "eyes_path": "flame/eyes/00001.txt",
            "file_path": "images/00001.png",
            "mesh_path": "meshes/00001.obj",
            "seg_mask_path": "seg_mask/00001.png",
            "transform_matrix": [
                [
                    0.9994773271324452,
                    -0.01953575160733736,
                    0.025758238777064277,
                    -0.05077473654012303
                ],
                [
                    -0.013629962957585584,
                    -0.9771293957029324,
                    -0.21220844692250462,
                    0.35170073508835265
                ],
                [
                    0.029314784358993744,
                    0.21174644581412047,
                    -0.9768849405678872,
                    1.769021259753235
                ],
                [
                    0.0,
                    0.0,
                    0.0,
                    1.0
                ]
            ]
        },
        {
            "depth_path": "depth/00002.png",
            "exp_path": "flame/exp/00002.txt",
            "eyes_path": "flame/eyes/00002.txt",
            "file_path": "images/00002.png",
            "mesh_path": "meshes/00002.obj",
            "seg_mask_path": "seg_mask/00002.png",
            "transform_matrix": [
                [
                    0.9995375907935179,
                    -0.012715376073738587,
                    0.027618981011159,
                    -0.05380602233548576
                ],
                [
                    -0.007121295880081454,
                    -0.98099281263188,
                    -0.19391340116626912,
                    0.31827401944110056
                ],
                [
                    0.029559704624528796,
                    0.19362704883532894,
                    -0.9806297184063358,
                    1.7742451018003405
                ],
                [
                    0.0,
                    0.0,
                    0.0,
                    1.0
                ]
            ]
        },
        {
            "depth_path": "depth/00003.png",
            "exp_path": "flame/exp/00003.txt",
            "eyes_path": "flame/eyes/00003.txt",
            "file_path": "images/00003.png",
            "mesh_path": "meshes/00003.obj",
            "seg_mask_path": "seg_mask/00003.png",
            "transform_matrix": [
                [
                    0.9995615181802144,
                    -0.010602129779308357,
                    0.027645551334681998,
                    -0.05369554233376604
                ],
                [
                    -0.005455228037754288,
                    -0.9836528642774657,
                    -0.17999221226939974,
                    0.29241626356847084
                ],
                [
                    0.029101925356398693,
                    0.1797624726111281,
                    -0.9832793621873724,
                    1.7773881093149262
                ],
                [
                    0.0,
                    0.0,
                    0.0,
                    1.0
                ]
            ]
        },
        {
            "depth_path": "depth/00004.png",
            "exp_path": "flame/exp/00004.txt",
            "eyes_path": "flame/eyes/00004.txt",
            "file_path": "images/00004.png",
            "mesh_path": "meshes/00004.obj",
            "seg_mask_path": "seg_mask/00004.png",
            "transform_matrix": [
                [
                    0.9996833819220651,
                    -0.012378762157544444,
                    0.021908071041632858,
                    -0.04261527864063613
                ],
                [
                    -0.008416239124964626,
                    -0.9849732612248249,
                    -0.1725015639772993,
                    0.27822349455457857
                ],
                [
                    0.02371421923314346,
                    0.17226256668630271,
                    -0.9847655674737946,
                    1.7777969726996712
                ],
                [
                    0.0,
                    0.0,
                    0.0,
                    1.0
                ]
            ]
        },
        {
            "depth_path": "depth/00005.png",
            "exp_path": "flame/exp/00005.txt",
            "eyes_path": "flame/eyes/00005.txt",
            "file_path": "images/00005.png",
            "mesh_path": "meshes/00005.obj",
            "seg_mask_path": "seg_mask/00005.png",
            "transform_matrix": [
                [
                    0.9996869908569014,
                    -0.014547419466328182,
                    0.020353568861931712,
                    -0.03940207038092316
                ],
                [
                    -0.01091553542034835,
                    -0.9856648132020547,
                    -0.16836162011639108,
                    0.2704173347465505
                ],
                [
                    0.02251102342854944,
                    0.16808675347171073,
                    -0.9855151064029164,
                    1.7781502501866024
                ],
                [
                    0.0,
                    0.0,
                    0.0,
                    1.0
                ]
            ]
        },
        {
            "depth_path": "depth/00006.png",
            "exp_path": "flame/exp/00006.txt",
            "eyes_path": "flame/eyes/00006.txt",
            "file_path": "images/00006.png",
            "mesh_path": "meshes/00006.obj",
            "seg_mask_path": "seg_mask/00006.png",
            "transform_matrix": [
                [
                    0.9996444720021074,
                    -0.016113587653901362,
                    0.021245119698175313,
                    -0.04080476641590279
                ],
                [
                    -0.01240166757702161,
                    -0.9862939206416745,
                    -0.16453119025971585,
                    0.2633746526223048
                ],
                [
                    0.023605120345534168,
                    0.16420920712294804,
                    -0.9861431277579965,
                    1.7829172104538198
                ],
                [
                    0.0,
                    0.0,
                    0.0,
                    1.0
                ]
            ]
        },
        {
            "depth_path": "depth/00007.png",
            "exp_path": "flame/exp/00007.txt",
            "eyes_path": "flame/eyes/00007.txt",
            "file_path": "images/00007.png",
            "mesh_path": "meshes/00007.obj",
            "seg_mask_path": "seg_mask/00007.png",
            "transform_matrix": [
                [
                    0.9996278295266926,
                    -0.016655367817209853,
                    0.021605602601650984,
                    -0.041055740249929105
                ],
                [
                    -0.01290284209047005,
                    -0.9864638607422123,
                    -0.16347062358319078,
                    0.2620136503495474
                ],
                [
                    0.02403580889747391,
                    0.16313101066316693,
                    -0.9863116278055489,
                    1.7895183703725137
                ],
                [
                    0.0,
                    0.0,
                    0.0,
                    1.0
                ]
            ]
        },
        {
            "depth_path": "depth/00008.png",
            "exp_path": "flame/exp/00008.txt",
            "eyes_path": "flame/eyes/00008.txt",
            "file_path": "images/00008.png",
            "mesh_path": "meshes/00008.obj",
            "seg_mask_path": "seg_mask/00008.png",
            "transform_matrix": [
                [
                    0.9996445677668493,
                    -0.01890811932085787,
                    0.018793918359077025,
                    -0.03571598400452425
                ],
                [
                    -0.015574291252657201,
                    -0.9863462458974644,
                    -0.16394653447035368,
                    0.26327954765947686
                ],
                [
                    0.021637233022300747,
                    0.16359555540397847,
                    -0.9862901460909866,
                    1.7931290689009207
                ],
                [
                    0.0,
                    0.0,
                    0.0,
                    1.0
                ]
            ]
        },
        {
            "depth_path": "depth/00009.png",
            "exp_path": "flame/exp/00009.txt",
            "eyes_path": "flame/eyes/00009.txt",
            "file_path": "images/00009.png",
            "mesh_path": "meshes/00009.obj",
            "seg_mask_path": "seg_mask/00009.png",
            "transform_matrix": [
                [
                    0.9996393267054151,
                    -0.02645206113795007,
                    0.004617416295512315,
                    -0.00832881739896597
                ],
                [
                    -0.025386512441129952,
                    -0.9870356848389128,
                    -0.15848051352075856,
                    0.2533195009114069
                ],
                [
                    0.008749691329898227,
                    0.1583061416142498,
                    -0.9873511975097812,
                    1.795583267645968
                ],
                [
                    0.0,
                    0.0,
                    0.0,
                    1.0
                ]
            ]
        },
        {
            "depth_path": "depth/00010.png",
            "exp_path": "flame/exp/00010.txt",
            "eyes_path": "flame/eyes/00010.txt",
            "file_path": "images/00010.png",
            "mesh_path": "meshes/00010.obj",
            "seg_mask_path": "seg_mask/00010.png",
            "transform_matrix": [
                [
                    0.9992047793797014,
                    -0.039377998127682744,
                    -0.006256726996537982,
                    0.01219414261546645
                ],
                [
                    -0.03987196335867507,
                    -0.9869350089919147,
                    -0.1561073479961891,
                    0.24896987510470134
                ],
                [
                    -2.7788061232545854e-05,
                    0.15623267622769293,
                    -0.987720246513704,
                    1.7962787016898645
                ],
                [
                    0.0,
                    0.0,
                    0.0,
                    1.0
                ]
            ]
        },
        {
            "depth_path": "depth/00011.png",
            "exp_path": "flame/exp/00011.txt",
            "eyes_path": "flame/eyes/00011.txt",
            "file_path": "images/00011.png",
            "mesh_path": "meshes/00011.obj",
            "seg_mask_path": "seg_mask/00011.png",
            "transform_matrix": [
                [
                    0.9985657303765274,
                    -0.05052970681240328,
                    -0.01769655475769258,
                    0.034225360163689426
                ],
                [
                    -0.052637637273371035,
                    -0.9869691777539308,
                    -0.15205652362946875,
                    0.24115068462104727
                ],
                [
                    -0.009782582149595064,
                    0.1527699398029681,
                    -0.9882133616650659,
                    1.7983797088227231
                ],
                [
                    0.0,
                    0.0,
                    0.0,
                    1.0
                ]
            ]
        },
        {
            "depth_path": "depth/00012.png",
            "exp_path": "flame/exp/00012.txt",
            "eyes_path": "flame/eyes/00012.txt",
            "file_path": "images/00012.png",
            "mesh_path": "meshes/00012.obj",
            "seg_mask_path": "seg_mask/00012.png",
            "transform_matrix": [
                [
                    0.9976159691474994,
                    -0.06135268144155158,
                    -0.0315962297055828,
                    0.06092130990557926
                ],
                [
                    -0.06533165911448185,
                    -0.9871244526637909,
                    -0.14600376062711923,
                    0.2294270540114319
                ],
                [
                    -0.022231688672890833,
                    0.14771992275464232,
                    -0.988779369466742,
                    1.7994887330738718
                ],
                [
                    0.0,
                    0.0,
                    0.0,
                    1.0
                ]
            ]
        },
        {
            "depth_path": "depth/00013.png",
            "exp_path": "flame/exp/00013.txt",
            "eyes_path": "flame/eyes/00013.txt",
            "file_path": "images/00013.png",
            "mesh_path": "meshes/00013.obj",
            "seg_mask_path": "seg_mask/00013.png",
            "transform_matrix": [
                [
                    0.9963366453443865,
                    -0.07076972790186147,
                    -0.048010423179845704,
                    0.09184276350736127
                ],
                [
                    -0.076989801521452,
                    -0.9866771782018244,
                    -0.14332056910516677,
                    0.2241058833271485
                ],
                [
                    -0.03722803124149398,
                    0.14649185162035658,
                    -0.9885111946343975,
                    1.798041775799977
                ],
                [
                    0.0,
                    0.0,
                    0.0,
                    1.0
                ]
            ]
        },
        {
            "depth_path": "depth/00014.png",
            "exp_path": "flame/exp/00014.txt",
            "eyes_path": "flame/eyes/00014.txt",
            "file_path": "images/00014.png",
            "mesh_path": "meshes/00014.obj",
            "seg_mask_path": "seg_mask/00014.png",
            "transform_matrix": [
                [
                    0.9938693955484106,
                    -0.0804915366836949,
                    -0.0757938558453573,
                    0.14413517587629393
                ],
                [
                    -0.09012538988489519,
                    -0.9869133399419534,
                    -0.1337139842548231,
                    0.205880128768558
                ],
                [
                    -0.06403913001686465,
                    0.1397251927089208,
                    -0.9881173254687912,
                    1.7952866643538141
                ],
                [
                    0.0,
                    0.0,
                    0.0,
                    1.0
                ]
            ]
        },
        {
            "depth_path": "depth/00015.png",
            "exp_path": "flame/exp/00015.txt",
            "eyes_path": "flame/eyes/00015.txt",
            "file_path": "images/00015.png",
            "mesh_path": "meshes/00015.obj",
            "seg_mask_path": "seg_mask/00015.png",
            "transform_matrix": [
                [
                    0.9924865129609834,
                    -0.08382222130150822,
                    -0.08913064875124964,
                    0.167841478627389
                ],
                [
                    -0.09461151318564301,
                    -0.9876780210019691,
                    -0.1246628227146863,
                    0.18920767598540308
                ],
                [
                    -0.07758286492472875,
                    0.1321589505655531,
                    -0.9881876472987621,
                    1.7900843917978824
                ],
                [
                    0.0,
                    0.0,
                    0.0,
                    1.0
                ]
            ]
        },
        {
            "depth_path": "depth/00016.png",
            "exp_path": "flame/exp/00016.txt",
            "eyes_path": "flame/eyes/00016.txt",
            "file_path": "images/00016.png",
            "mesh_path": "meshes/00016.obj",
            "seg_mask_path": "seg_mask/00016.png",
            "transform_matrix": [
                [
                    0.9918490619005382,
                    -0.08622479007897153,
                    -0.09381215967086781,
                    0.17538596042395377
                ],
                [
                    -0.09776144382700454,
                    -0.9871659608852604,
                    -0.12627810683003457,
                    0.19162068997282217
                ],
                [
                    -0.0817198684407134,
                    0.13442002621574575,
                    -0.9875490876635717,
                    1.7821581727578863
                ],
                [
                    0.0,
                    0.0,
                    0.0,
                    1.0
                ]
            ]
        },
        {
            "depth_path": "depth/00017.png",
            "exp_path": "flame/exp/00017.txt",
            "eyes_path": "flame/eyes/00017.txt",
            "file_path": "images/00017.png",
            "mesh_path": "meshes/00017.obj",
            "seg_mask_path": "seg_mask/00017.png",
            "transform_matrix": [
                [
                    0.9917083325311401,
                    -0.08729827195861464,
                    -0.09430550535132926,
                    0.1757517363948342
                ],
                [
                    -0.09872905132961114,
                    -0.9873253792502074,
                    -0.12426230215805589,
                    0.18802718164934845
                ],
                [
                    -0.08226233784057556,
                    0.13254264740105343,
                    -0.9877576759017686,
                    1.7835811185241306
                ],
                [
                    0.0,
                    0.0,
                    0.0,
                    1.0
                ]
            ]
        },
        {
            "depth_path": "depth/00018.png",
            "exp_path": "flame/exp/00018.txt",
            "eyes_path": "flame/eyes/00018.txt",
            "file_path": "images/00018.png",
            "mesh_path": "meshes/00018.obj",
            "seg_mask_path": "seg_mask/00018.png",
            "transform_matrix": [
                [
                    0.9919120125679338,
                    -0.08471434018879964,
                    -0.09452007335884846,
                    0.17566280025367337
                ],
                [
                    -0.09588760731105093,
                    -0.9880445460321473,
                    -0.12072061535258335,
                    0.18211279991735824
                ],
                [
                    -0.08316327618286369,
                    0.12880753646664037,
                    -0.9881762820748657,
                    1.7859106812013732
                ],
                [
                    0.0,
                    0.0,
                    0.0,
                    1.0
                ]
            ]
        },
        {
            "depth_path": "depth/00019.png",
            "exp_path": "flame/exp/00019.txt",
            "eyes_path": "flame/eyes/00019.txt",
            "file_path": "images/00019.png",
            "mesh_path": "meshes/00019.obj",
            "seg_mask_path": "seg_mask/00019.png",
            "transform_matrix": [
                [
                    0.9928626427084707,
                    -0.07835603100677392,
                    -0.08991165527021135,
                    0.16608147699931544
                ],
                [
                    -0.08897760925547424,
                    -0.98866272562351,
                    -0.12095042685599526,
                    0.18281617999025984
                ],
                [
                    -0.07941510626576832,
                    0.12808729017600665,
                    -0.9885782305920683,
                    1.789419058127724
                ],
                [
                    0.0,
                    0.0,
                    0.0,
                    1.0
                ]
            ]
        },
        {
            "depth_path": "depth/00020.png",
            "exp_path": "flame/exp/00020.txt",
            "eyes_path": "flame/eyes/00020.txt",
            "file_path": "images/00020.png",
            "mesh_path": "meshes/00020.obj",
            "seg_mask_path": "seg_mask/00020.png",
            "transform_matrix": [
                [
                    0.993660281245381,
                    -0.07261216660935618,
                    -0.08582930033716131,
                    0.15805429350318662
                ],
                [
                    -0.08305492083313085,
                    -0.9886578812008855,
                    -0.125129551566088,
                    0.19057118419900274
                ],
                [
                    -0.07576988639817185,
                    0.13146480388205845,
                    -0.9884208881892359,
                    1.7886564795920274
                ],
                [
                    0.0,
                    0.0,
                    0.0,
                    1.0
                ]
            ]
        },
        {
            "depth_path": "depth/00021.png",
            "exp_path": "flame/exp/00021.txt",
            "eyes_path": "flame/eyes/00021.txt",
            "file_path": "images/00021.png",
            "mesh_path": "meshes/00021.obj",
            "seg_mask_path": "seg_mask/00021.png",
            "transform_matrix": [
                [
                    0.9940532213989317,
                    -0.06780540467427887,
                    -0.08520913793499901,
                    0.15635676201673468
                ],
                [
                    -0.07837339149692224,
                    -0.9887348424400396,
                    -0.12751872428027367,
                    0.19485024937617662
                ],
                [
                    -0.07560278671254679,
                    0.1334385205533559,
                    -0.9881692181221087,
                    1.7867285327497973
                ],
                [
                    0.0,
                    0.0,
                    0.0,
                    1.0
                ]
            ]
        },
        {
            "depth_path": "depth/00022.png",
            "exp_path": "flame/exp/00022.txt",
            "eyes_path": "flame/eyes/00022.txt",
            "file_path": "images/00022.png",
            "mesh_path": "meshes/00022.obj",
            "seg_mask_path": "seg_mask/00022.png",
            "transform_matrix": [
                [
                    0.9944349208473989,
                    -0.06569222979339458,
                    -0.08236351070672066,
                    0.15039603402855883
                ],
                [
                    -0.0760782367177138,
                    -0.9885822804212193,
                    -0.13006592512753895,
                    0.19921160901676435
                ],
                [
                    -0.07287878231706554,
                    0.1356081599061956,
                    -0.9880785116193734,
                    1.7826806153795176
                ],
                [
                    0.0,
                    0.0,
                    0.0,
                    1.0
                ]
            ]
        },
        {
            "depth_path": "depth/00023.png",
            "exp_path": "flame/exp/00023.txt",
            "eyes_path": "flame/eyes/00023.txt",
            "file_path": "images/00023.png",
            "mesh_path": "meshes/00023.obj",
            "seg_mask_path": "seg_mask/00023.png",
            "transform_matrix": [
                [
                    0.9948430588433995,
                    -0.06217078510948217,
                    -0.08013785567060226,
                    0.14589897011780564
                ],
                [
                    -0.07223852821313255,
                    -0.9889360351565134,
                    -0.12956520354391268,
                    0.19820292065284145
                ],
                [
                    -0.07119603622202318,
                    0.13468607739374416,
                    -0.9883272663548496,
                    1.7807155998334825
                ],
                [
                    0.0,
                    0.0,
                    0.0,
                    1.0
                ]
            ]
        },
        {
            "depth_path": "depth/00024.png",
            "exp_path": "flame/exp/00024.txt",
            "eyes_path": "flame/eyes/00024.txt",
            "file_path": "images/00024.png",
            "mesh_path": "meshes/00024.obj",
            "seg_mask_path": "seg_mask/00024.png",
            "transform_matrix": [
                [
                    0.9950361304278336,
                    -0.06146437873541088,
                    -0.07826348804556019,
                    0.1420007975607351
                ],
                [
                    -0.07190993225439438,
                    -0.9877440159076111,
                    -0.13853072960708163,
                    0.21486493277718594
                ],
                [
                    -0.06878959255230357,
                    0.14347101282072575,
                    -0.9872608992844394,
                    1.7745377363340864
                ],
                [
                    0.0,
                    0.0,
                    0.0,
                    1.0
                ]
            ]
        },
        {
            "depth_path": "depth/00025.png",
            "exp_path": "flame/exp/00025.txt",
            "eyes_path": "flame/eyes/00025.txt",
            "file_path": "images/00025.png",
            "mesh_path": "meshes/00025.obj",
            "seg_mask_path": "seg_mask/00025.png",
            "transform_matrix": [
                [
                    0.9947064370000543,
                    -0.06332748866860317,
                    -0.08092451840454018,
                    0.1471806080717468
                ],
                [
                    -0.0747278600457744,
                    -0.9863598000944648,
                    -0.14666245361082253,
                    0.230503275444972
                ],
                [
                    -0.07053292819842588,
                    0.1519334029660048,
                    -0.9858707517679597,
                    1.7735286266733838
                ],
                [
                    0.0,
                    0.0,
                    0.0,
                    1.0
                ]
            ]
        },
        {
            "depth_path": "depth/00026.png",
            "exp_path": "flame/exp/00026.txt",
            "eyes_path": "flame/eyes/00026.txt",
            "file_path": "images/00026.png",
            "mesh_path": "meshes/00026.obj",
            "seg_mask_path": "seg_mask/00026.png",
            "transform_matrix": [
                [
                    0.9942324264300494,
                    -0.0662939865499062,
                    -0.08430231013412316,
                    0.1533602640350462
                ],
                [
                    -0.07868776354641786,
                    -0.9850249573860071,
                    -0.15340847562960672,
                    0.24333672128834025
                ],
                [
                    -0.07286982055053315,
                    0.1591572298452548,
                    -0.9845602671640465,
                    1.7702640310718174
                ],
                [
                    0.0,
                    0.0,
                    0.0,
                    1.0
                ]
            ]
        },
        {
            "depth_path": "depth/00027.png",
            "exp_path": "flame/exp/00027.txt",
            "eyes_path": "flame/eyes/00027.txt",
            "file_path": "images/00027.png",
            "mesh_path": "meshes/00027.obj",
            "seg_mask_path": "seg_mask/00027.png",
            "transform_matrix": [
                [
                    0.9938706350868912,
                    -0.0704211383863377,
                    -0.08521798377827772,
                    0.15492797438011413
                ],
                [
                    -0.08343418184196075,
                    -0.9835344148683797,
                    -0.16030867751658776,
                    0.2563385617134013
                ],
                [
                    -0.0725256943065049,
                    0.1664361772394305,
                    -0.9833815194915437,
                    1.7688396176597079
                ],
                [
                    0.0,
                    0.0,
                    0.0,
                    1.0
                ]
            ]
        },
        {
            "depth_path": "depth/00028.png",
            "exp_path": "flame/exp/00028.txt",
            "eyes_path": "flame/eyes/00028.txt",
            "file_path": "images/00028.png",
            "mesh_path": "meshes/00028.obj",
            "seg_mask_path": "seg_mask/00028.png",
            "transform_matrix": [
                [
                    0.9937883584354665,
                    -0.07338843200768745,
                    -0.08365939388499932,
                    0.1525655772867485
                ],
                [
                    -0.08638110051288021,
                    -0.9826529753520615,
                    -0.16410803607997895,
                    0.26347235059008695
                ],
                [
                    -0.0701645202369617,
                    0.17031524941400736,
                    -0.9828884519736184,
                    1.7700008074663143
                ],
                [
                    0.0,
                    0.0,
                    0.0,
                    1.0
                ]
            ]
        },
        {
            "depth_path": "depth/00029.png",
            "exp_path": "flame/exp/00029.txt",
            "eyes_path": "flame/eyes/00029.txt",
            "file_path": "images/00029.png",
            "mesh_path": "meshes/00029.obj",
            "seg_mask_path": "seg_mask/00029.png",
            "transform_matrix": [
                [
                    0.9933604990119936,
                    -0.08352193116685416,
                    -0.07911374321509362,
                    0.14493230046925795
                ],
                [
                    -0.09582471477574275,
                    -0.9812438050166703,
                    -0.16726677904094284,
                    0.26918524599659144
                ],
                [
                    -0.06365943218631108,
                    0.1737372642630891,
                    -0.9827323104993325,
                    1.773669526519524
                ],
                [
                    0.0,
                    0.0,
                    0.0,
                    1.0
                ]
            ]
        },
        {
            "depth_path": "depth/00030.png",
            "exp_path": "flame/exp/00030.txt",
            "eyes_path": "flame/eyes/00030.txt",
            "file_path": "images/00030.png",
            "mesh_path": "meshes/00030.obj",
            "seg_mask_path": "seg_mask/00030.png",
            "transform_matrix": [
                [
                    0.9933822404866739,
                    -0.0853297987280572,
                    -0.07688104893321503,
                    0.14110684551397024
                ],
                [
                    -0.09732562527523486,
                    -0.9808065411672251,
                    -0.1689562134610739,
                    0.2721278119658382
                ],
                [
                    -0.06098843606983781,
                    0.17532059747331974,
                    -0.9826205783770668,
                    1.7733602630116896
                ],
                [
                    0.0,
                    0.0,
                    0.0,
                    1.0
                ]
            ]
        },
        {
            "depth_path": "depth/00031.png",
            "exp_path": "flame/exp/00031.txt",
            "eyes_path": "flame/eyes/00031.txt",
            "file_path": "images/00031.png",
            "mesh_path": "meshes/00031.obj",
            "seg_mask_path": "seg_mask/00031.png",
            "transform_matrix": [
                [
                    0.9934071083258151,
                    -0.08535381954327438,
                    -0.07653077441216567,
                    0.14090981491973598
                ],
                [
                    -0.09736585132827198,
                    -0.980583303628366,
                    -0.17022417803696335,
                    0.27444170584251193
                ],
                [
                    -0.060515516359106306,
                    0.1765533825941345,
                    -0.9824289428837515,
                    1.7735657723877656
                ],
                [
                    0.0,
                    0.0,
                    0.0,
                    1.0
                ]
            ]
        },
        {
            "depth_path": "depth/00032.png",
            "exp_path": "flame/exp/00032.txt",
            "eyes_path": "flame/eyes/00032.txt",
            "file_path": "images/00032.png",
            "mesh_path": "meshes/00032.obj",
            "seg_mask_path": "seg_mask/00032.png",
            "transform_matrix": [
                [
                    0.9935906070624589,
                    -0.08225620885809393,
                    -0.07753434888767675,
                    0.14303157861801125
                ],
                [
                    -0.09452300505056954,
                    -0.9807596746501004,
                    -0.17080941389843476,
                    0.2753379179264529
                ],
                [
                    -0.061992428643888535,
                    0.1770434072258399,
                    -0.9822486769842664,
                    1.7710867714677032
                ],
                [
                    0.0,
                    0.0,
                    0.0,
                    1.0
                ]
            ]
        },
        {
            "depth_path": "depth/00033.png",
            "exp_path": "flame/exp/00033.txt",
            "eyes_path": "flame/eyes/00033.txt",
            "file_path": "images/00033.png",
            "mesh_path": "meshes/00033.obj",
            "seg_mask_path": "seg_mask/00033.png",
            "transform_matrix": [
                [
                    0.9937542854270124,
                    -0.08215520822598753,
                    -0.07551754482560104,
                    0.1396873377721463
                ],
                [
                    -0.09412000625183783,
                    -0.9806404331583083,
                    -0.1717142578357479,
                    0.27711663140224235
                ],
                [
                    -0.0599483369487992,
                    0.1777494938705532,
                    -0.9822480553884931,
                    1.7707675915546366
                ],
                [
                    0.0,
                    0.0,
                    0.0,
                    1.0
                ]
            ]
        },
        {
            "depth_path": "depth/00034.png",
            "exp_path": "flame/exp/00034.txt",
            "eyes_path": "flame/eyes/00034.txt",
            "file_path": "images/00034.png",
            "mesh_path": "meshes/00034.obj",
            "seg_mask_path": "seg_mask/00034.png",
            "transform_matrix": [
                [
                    0.9938866530993173,
                    -0.07934113319189977,
                    -0.07677519743257229,
                    0.14259141421621732
                ],
                [
                    -0.09173679912078168,
                    -0.9803895734611318,
                    -0.17441543085319272,
                    0.28143847388773335
                ],
                [
                    -0.061431280344553814,
                    0.18039228025136556,
                    -0.9816746347653132,
                    1.7688921858128779
                ],
                [
                    0.0,
                    0.0,
                    0.0,
                    1.0
                ]
            ]
        },
        {
            "depth_path": "depth/00035.png",
            "exp_path": "flame/exp/00035.txt",
            "eyes_path": "flame/eyes/00035.txt",
            "file_path": "images/00035.png",
            "mesh_path": "meshes/00035.obj",
            "seg_mask_path": "seg_mask/00035.png",
            "transform_matrix": [
                [
                    0.9935895800095643,
                    -0.0810814363144042,
                    -0.07877490270381361,
                    0.14644586794097153
                ],
                [
                    -0.09375519443942981,
                    -0.9803673890627728,
                    -0.17346351030507526,
                    0.27975358728719074
                ],
                [
                    -0.06316367604798866,
                    0.17973710349564878,
                    -0.9816846044201046,
                    1.770304968455822
                ],
                [
                    0.0,
                    0.0,
                    0.0,
                    1.0
                ]
            ]
        },
        {
            "depth_path": "depth/00036.png",
            "exp_path": "flame/exp/00036.txt",
            "eyes_path": "flame/eyes/00036.txt",
            "file_path": "images/00036.png",
            "mesh_path": "meshes/00036.obj",
            "seg_mask_path": "seg_mask/00036.png",
            "transform_matrix": [
                [
                    0.9936577647439706,
                    -0.08240038428228441,
                    -0.07651378954201614,
                    0.14232216019652175
                ],
                [
                    -0.09452662546373332,
